0
-100400 0.17 -24241691.76 324.72 0.023600000000000003 2 44 
1
-81150 1.0 -24201098.76 281.0 0.0816 3 1 
2
-74650 0.38 -24159158.76 243.46 0.067 2 4 
3
-73250 0.42 -24134429.76 300.0 0.05380000000000001 3 11 
4
-83000 0.56 -24226748.76 246.26 0.0718 3 11 
5
-76900 0.67 -24177691.76 295.18 0.08259999999999999 3 21 
6
-62850 0.5 -24187618.76 288.8 0.0796 3 6 
7
-80400 0.5 -24195204.76 278.54 0.05199999999999999 3 41 
8
-80850 0.47 -24179939.76 274.34 0.061399999999999996 3 40 
9
-79600 0.49 -24171463.76 281.8 0.06920000000000001 3 10 
10
-77050 0.86 -24139339.76 265.86 0.073 3 34 
11
-67300 0.65 -24169709.76 267.2 0.0716 5 7 
12
-62550 1.2 -24114703.76 240.3 0.154 5 4 
13
-65350 1.1 -24163879.76 191.52 0.1568 3 6 
14
-51350 1.5 -24112595.76 208.38 0.20440000000000003 3 26 
15
-47350 1.37 -24116780.76 165.06 0.26760000000000006 6 21 
16
-41750 1.56 -24122159.76 176.46 0.317 4 21 
17
-50500 2.44 -24095235.76 221.96 0.33659999999999995 4 15 
18
-39800 2.05 -24112616.76 175.04 0.41859999999999997 5 47 
19
-32950 2.43 -24108827.76 146.78 0.43560000000000004 5 12 
20
-32750 1.48 -24080466.76 186.8 0.41200000000000003 5 9 
21
-26150 1.6 -24099035.76 145.52 0.4876 5 10 
22
-27700 1.88 -24076127.76 163.84 0.47159999999999996 7 7 
23
-33850 1.59 -24102878.76 159.02 0.41980000000000006 7 10 
24
-21450 1.63 -24086490.76 139.94 0.5464 7 11 
25
-20750 1.69 -24087933.76 157.72 0.5631999999999999 8 39 
26
-16050 3.9 -24074857.76 136.2 0.6250000000000001 11 6 
27
-16150 3.63 -24082048.76 166.24 0.5828 18 31 
28
-11250 3.56 -24062998.76 106.34 0.894 19 4 
29
-2950 3.79 -24041010.76 107.44 1.0958 12 6 
30
14250 4.7 -24019333.76 99.16 1.6947999999999999 14 17 
31
24750 5.43 -24009899.76 93.0 1.837 26 2 
32
42750 5.21 -23998458.76 92.84 2.2162 19 25 
33
29750 5.24 -24001169.76 86.36 2.1877999999999997 22 35 
34
54150 6.0 -24001915.76 66.8 2.8272000000000004 23 36 
35
65750 6.0 -23981017.76 60.66 3.3218 24 22 
36
67400 6.8 -23978967.76 69.2 3.219 24 6 
37
80700 6.9 -23961991.76 68.16 3.9219999999999997 31 29 
38
77300 6.55 -23962741.76 64.2 4.0192000000000005 30 33 
39
110650 10.64 -23949050.76 61.74 4.953200000000001 32 15 
40
123350 10.88 -23942353.76 55.94 5.4252 31 2 
41
132900 12.45 -23939855.76 56.7 5.716800000000001 31 33 
42
158700 12.64 -23936215.76 54.08 6.1903999999999995 36 29 
43
161700 12.0 -23926962.76 50.32 6.255599999999999 36 31 
44
172500 12.56 -23923015.76 46.22 7.156000000000001 37 20 
45
166700 15.29 -23924663.76 44.98 7.327600000000001 36 48 
46
227150 17.47 -23914181.76 40.44 8.636000000000001 47 5 
47
200350 16.27 -23915644.76 38.98 9.1944 43 22 
48
177700 16.2 -23916742.76 39.24 8.835199999999999 38 13 
49
234150 27.73 -23910148.76 32.54 10.6476 48 14 
50
185500 19.88 -23912964.76 37.94 10.0438 39 13 
51
215350 21.64 -23903271.76 30.52 11.746400000000001 45 38 
52
195500 21.33 -23903228.76 30.74 11.8752 41 1 
53
235150 18.56 -23903415.76 30.9 11.607399999999998 48 6 
54
200350 19.07 -23903695.76 27.44 12.2478 43 7 
55
231450 23.31 -23896221.76 25.84 12.771199999999999 47 39 
56
220450 21.79 -23888200.76 23.28 14.099200000000002 45 24 
57
235700 23.31 -23886527.76 21.76 14.405999999999999 48 28 
58
237700 24.08 -23881453.76 21.56 14.193 48 24 
59
226750 22.62 -23877873.76 19.48 15.3594 46 35 
60
278950 23.0 -23874851.76 18.94 15.028200000000002 58 11 
61
240600 23.69 175118.0 19.2 15.950599999999998 49 13 
62
226550 22.79 176250.0 20.28 15.3062 46 7 
63
240850 22.54 178421.0 19.1 15.649399999999998 49 10 
64
275950 23.69 182134.0 19.08 15.5166 56 35 
65
235300 23.23 173671.0 18.82 15.681 48 35 
66
231450 25.55 182297.0 18.38 16.084600000000002 47 3 
67
275700 23.54 182315.0 18.34 16.3388 56 31 
68
250600 22.14 177189.0 18.5 15.8702 51 43 
69
241350 25.45 180559.0 19.3 15.514 49 32 
70
250700 24.92 180977.0 19.14 15.473199999999999 51 9 
71
251350 22.08 183417.0 19.02 15.75 51 37 
72
255850 25.73 189021.0 18.1 16.301 52 41 
73
241600 25.36 177052.0 19.52 15.366399999999999 49 41 
74
230950 20.6 186333.0 18.34 15.9298 47 19 
75
250750 22.0 177756.0 18.88 15.587200000000001 51 7 
76
260750 24.82 184406.0 17.76 16.283 53 37 
77
251000 22.69 185580.0 19.32 15.197800000000003 51 13 
78
231000 22.15 178649.0 18.82 15.4016 47 39 
79
256200 23.54 180007.0 17.9 16.362199999999998 52 13 
80
285400 22.31 180187.0 17.78 16.241200000000003 58 10 
81
256500 22.62 180394.0 18.68 15.800400000000002 52 39 
82
246600 23.31 181247.0 18.22 15.92 50 37 
83
221500 22.31 177757.0 18.1 16.067999999999998 45 13 
84
260400 23.67 183224.0 17.6 16.505399999999998 53 43 
85
239800 19.8 180403.0 18.42 15.5512 49 28 
86
230550 22.77 175235.0 18.98 15.575999999999999 47 8 
87
241400 23.15 183614.0 17.16 16.9666 49 15 
88
255250 23.83 185706.0 18.52 15.8048 52 32 
89
239950 23.69 182724.0 18.32 16.0752 49 0 
90
274650 25.08 183452.0 18.16 16.1236 56 38 
91
240600 26.08 174248.0 18.12 16.094800000000003 49 9 
92
236350 20.93 181334.0 17.68 16.3842 48 6 
93
241050 21.79 179581.0 17.94 16.183799999999998 49 44 
94
245550 22.0 179422.0 17.8 16.358 50 6 
95
240350 23.23 180917.0 19.14 15.5218 49 37 
96
216600 23.92 177642.0 18.24 15.995400000000002 44 32 
97
256200 22.69 185950.0 18.2 16.0942 52 3 
98
270700 30.6 186813.0 18.5 16.011800000000004 55 13 
99
250400 24.58 182378.0 18.04 16.3152 51 29 
100
244850 23.23 185275.0 18.7 15.580599999999999 50 6 
